=================================================================
tsp_6_1.txt
-------------------------------------------------
Number of cities:     6
-----------------------

       0   1   2   3   4   5
    ------------------------
 0 |   0  20  30  31  28  40
 1 |  30   0  10  14  20  44
 2 |  40  20   0  10  22  50
 3 |  41  24  20   0  14  42
 4 |  38  30  32  24   0  28
 5 |  50  54  60  52  38   0

--------------------------------------
ALGORITHM - FULL SEARCH
--------------------------------------
Iterations =        119

Time: 10 ms

Solution = 132
-----------------------
Path = 0 - 1 - 2 - 3 - 4 - 5 - 0

======================================================================
tsp_6_2.txt
-------------------------------------------------
Number of cities:     6
-----------------------

       0   1   2   3   4   5
    ------------------------
 0 |   0  20  30  31  28   4
 1 |  30   0  10   4  20  44
 2 |  40  20   0  10  22  50
 3 |  41   4  20   0  14  42
 4 |  38  30  32   4   0  28
 5 |  50   4  60  52  38   0

--------------------------------------
ALGORITHM - FULL SEARCH
--------------------------------------
Iterations =        119

Time: 10 ms

Solution = 80
-----------------------
Path = 0 - 5 - 1 - 2 - 3 - 4 - 0

==========================================================
tsp_10.txt
-------------------------------------------------
Number of cities:    10
-----------------------

       0   1   2   3   4   5   6   7   8   9
    ----------------------------------------
 0 |   0  81  50  18  75  39 107  77  87  43
 1 |  81   0  76  21  37  26  34  58  66  15
 2 |  50  76   0  24  14  58 100  68  33  30
 3 |  18  21  24   0  19  58  68  62  84  81
 4 |  75  37  14  19   0  31  60  65  29  91
 5 |  39  26  58  58  31   0  64  21  42  46
 6 | 107  34 100  68  60  64   0  15  55  16
 7 |  77  58  68  62  65  21  15   0  17  34
 8 |  87  66  33  84  29  42  55  17   0  68
 9 |  43  15  30  81  91  46  16  34  68   0

--------------------------------------
ALGORITHM - FULL SEARCH
--------------------------------------
Iterations =     362879

Time: 150 ms

Solution = 212
-----------------------
Path = 0 - 3 - 4 - 2 - 8 - 7 - 6 - 9 - 1 - 5 - 0

=============================================================
tsp_12.txt
-------------------------------------------------
Number of cities:    12
-----------------------

       0   1   2   3   4   5   6   7   8   9  10  11
    ------------------------------------------------
 0 |   0  29  82  46  68  52  72  42  51  55  29  74
 1 |  29   0  55  46  42  43  43  23  23  31  41  51
 2 |  82  55   0  68  46  55  23  43  41  29  79  21
 3 |  46  46  68   0  82  15  72  31  62  42  21  51
 4 |  68  42  46  82   0  74  23  52  21  46  82  58
 5 |  52  43  55  15  74   0  61  23  55  31  33  37
 6 |  72  43  23  72  23  61   0  42  23  31  77  37
 7 |  42  23  43  31  52  23  42   0  33  15  37  33
 8 |  51  23  41  62  21  55  23  33   0  29  62  46
 9 |  55  31  29  42  46  31  31  15  29   0  51  21
10 |  29  41  79  21  82  33  77  37  62  51   0  65
11 |  74  51  21  51  58  37  37  33  46  21  65   0

--------------------------------------
ALGORITHM - FULL SEARCH
--------------------------------------
Iterations =   39916799

Time: 16764 ms

Solution = 264
-----------------------
Path = 0 - 1 - 8 - 4 - 6 - 2 - 11 - 9 - 7 - 5 - 3 - 10 - 0

==============================================================
tsp_13.txt
-------------------------------------------------
Number of cities:    13
-----------------------

       0   1   2   3   4   5   6   7   8   9  10  11  12
    ----------------------------------------------------
 0 |   0  29  82  46  68  52  72  42  51  55  29  74  23
 1 |  29   0  55  46  42  43  43  23  23  31  41  51  11
 2 |  82  55   0  68  46  55  23  43  41  29  79  21  64
 3 |  46  46  68   0  82  15  72  31  62  42  21  51  51
 4 |  68  42  46  82   0  74  23  52  21  46  82  58  46
 5 |  52  43  55  15  74   0  61  23  55  31  33  37  51
 6 |  72  43  23  72  23  61   0  42  23  31  77  37  51
 7 |  42  23  43  31  52  23  42   0  33  15  37  33  33
 8 |  51  23  41  62  21  55  23  33   0  29  62  46  29
 9 |  55  31  29  42  46  31  31  15  29   0  51  21  41
10 |  29  41  79  21  82  33  77  37  62  51   0  65  42
11 |  74  51  21  51  58  37  37  33  46  21  65   0  61
12 |  23  11  64  51  46  51  51  33  29  41  42  61   0

--------------------------------------
ALGORITHM - FULL SEARCH
--------------------------------------
Iterations =  479001599

Time: 213166 ms

Solution = 269
-----------------------
Path = 0 - 10 - 3 - 5 - 7 - 9 - 11 - 2 - 6 - 4 - 8 - 1 - 12 - 0

====================================================
tsp_14.txt
-------------------------------------------------
Number of cities:    14
-----------------------

       0   1   2   3   4   5   6   7   8   9  10  11  12  13
    --------------------------------------------------------
 0 |   0  29  82  46  68  52  72  42  51  55  29  74  23  72
 1 |  29   0  55  46  42  43  43  23  23  31  41  51  11  52
 2 |  82  55   0  68  46  55  23  43  41  29  79  21  64  31
 3 |  46  46  68   0  82  15  72  31  62  42  21  51  51  43
 4 |  68  42  46  82   0  74  23  52  21  46  82  58  46  65
 5 |  52  43  55  15  74   0  61  23  55  31  33  37  51  29
 6 |  72  43  23  72  23  61   0  42  23  31  77  37  51  46
 7 |  42  23  43  31  52  23  42   0  33  15  37  33  33  31
 8 |  51  23  41  62  21  55  23  33   0  29  62  46  29  51
 9 |  55  31  29  42  46  31  31  15  29   0  51  21  41  23
10 |  29  41  79  21  82  33  77  37  62  51   0  65  42  59
11 |  74  51  21  51  58  37  37  33  46  21  65   0  61  11
12 |  23  11  64  51  46  51  51  33  29  41  42  61   0  62
13 |  72  52  31  43  65  29  46  31  51  23  59  11  62   0

Solution = 282
-----------------------
Path = 0 - 10 - 3 - 5 - 7 - 9 - 13 - 11 - 2 - 6 - 4 - 8 - 1 - 12 - 0

=============================================================
tsp_15.txt
-------------------------------------------------
Number of cities:    15
-----------------------

       0   1   2   3   4   5   6   7   8   9  10  11  12  13  14
    ------------------------------------------------------------
 0 |   0  29  82  46  68  52  72  42  51  55  29  74  23  72  46
 1 |  29   0  55  46  42  43  43  23  23  31  41  51  11  52  21
 2 |  82  55   0  68  46  55  23  43  41  29  79  21  64  31  51
 3 |  46  46  68   0  82  15  72  31  62  42  21  51  51  43  64
 4 |  68  42  46  82   0  74  23  52  21  46  82  58  46  65  23
 5 |  52  43  55  15  74   0  61  23  55  31  33  37  51  29  59
 6 |  72  43  23  72  23  61   0  42  23  31  77  37  51  46  33
 7 |  42  23  43  31  52  23  42   0  33  15  37  33  33  31  37
 8 |  51  23  41  62  21  55  23  33   0  29  62  46  29  51  11
 9 |  55  31  29  42  46  31  31  15  29   0  51  21  41  23  37
10 |  29  41  79  21  82  33  77  37  62  51   0  65  42  59  61
11 |  74  51  21  51  58  37  37  33  46  21  65   0  61  11  55
12 |  23  11  64  51  46  51  51  33  29  41  42  61   0  62  23
13 |  72  52  31  43  65  29  46  31  51  23  59  11  62   0  59
14 |  46  21  51  64  23  59  33  37  11  37  61  55  23  59   0

Solution = 291
-----------------------
Path = 0 - 12 - 1 - 14 - 8 - 4 - 6 - 2 - 11 - 13 - 9 - 7 - 5 - 3 - 10 - 0
============================================================
tsp_17.txt
-------------------------------------------------
Number of cities:    17
-----------------------

       0   1   2   3   4   5   6   7   8   9  10  11  12  13  14  15  16
    --------------------------------------------------------------------
 0 |   0   3   5  48  48   8   8   5   5   3   3   0   3   5   8   8   5
 1 |   3   0   3  48  48   8   8   5   5   0   0   3   0   3   8   8   5
 2 |   5   3   0  72  72  48  48  24  24   3   3   5   3   0  48  48  24
 3 |  48  48  74   0   0   6   6  12  12  48  48  48  48  74   6   6  12
 4 |  48  48  74   0   0   6   6  12  12  48  48  48  48  74   6   6  12
 5 |   8   8  50   6   6   0   0   8   8   8   8   8   8  50   0   0   8
 6 |   8   8  50   6   6   0   0   8   8   8   8   8   8  50   0   0   8
 7 |   5   5  26  12  12   8   8   0   0   5   5   5   5  26   8   8   0
 8 |   5   5  26  12  12   8   8   0   0   5   5   5   5  26   8   8   0
 9 |   3   0   3  48  48   8   8   5   5   0   0   3   0   3   8   8   5
10 |   3   0   3  48  48   8   8   5   5   0   0   3   0   3   8   8   5
11 |   0   3   5  48  48   8   8   5   5   3   3   0   3   5   8   8   5
12 |   3   0   3  48  48   8   8   5   5   0   0   3   0   3   8   8   5
13 |   5   3   0  72  72  48  48  24  24   3   3   5   3   0  48  48  24
14 |   8   8  50   6   6   0   0   8   8   8   8   8   8  50   0   0   8
15 |   8   8  50   6   6   0   0   8   8   8   8   8   8  50   0   0   8

Solution = 39
-----------------------
Path = 0 - 11 - 13 - 2 - 9 - 10 - 1 - 12 - 15 - 14 - 5 - 6 - 3 - 4 - 7 - 8 - 16 - 0
